146555,10:33:28,800.0,1
146555,14:43:17,2000.0,1
164336,09:55:39,2000.0,1
164336,09:56:39,2000.0,0
164336,10:14:54,1000.0,0
164336,12:58:02,1000.0,1
164336,14:55:51,2000.0,1
174335,13:14:38,6000.0,1
174335,15:42:08,10000.0,1
174335,16:23:22,8000.0,1
174335,16:48:37,10000.0,1
183012,00:04:18,180.0,1
183012,11:58:18,260.0,1
183012,14:49:00,500.0,1
184165,10:46:07,1000.0,0
184165,10:46:09,1000.0,1
184165,15:23:03,1000.0,0
184925,11:07:07,2500.0,0
184925,11:10:34,2500.0,1
184925,11:12:30,2500.0,0
184925,15:09:01,2500.0,1
184925,15:09:06,1000.0,1
184925,15:09:30,1100.0,1
184925,16:40:13,1100.0,0
185282,17:10:23,2000.0,1
185282,20:47:09,3000.0,1
185575,09:27:54,1000000.0,1
185575,17:20:03,10000.0,1
185575,20:51:47,1000000.0,1
185575,22:03:48,3000.0,1
185576,17:15:26,1000.0,1
185576,17:19:57,10000.0,1
185576,20:51:44,1000000.0,1
185576,22:03:33,3000.0,1
185576,22:32:30,1000.0,1
185624,10:30:22,200.0,0
187080,08:54:33,500.0,1
187130,10:07:48,1000.0,1
187130,10:10:41,1000.0,0
187159,16:59:28,800.0,1
187395,14:35:17,10000.0,1
187547,17:16:03,500.0,1
187551,17:16:13,2000.0,1
187551,21:00:48,1000000.0,1
189048,10:46:14,1000.0,0
189048,10:46:16,1000.0,1
189048,15:19:57,1000.0,0
189101,09:59:12,100000.0,1
189101,18:16:26,100000.0,0
189101,21:39:40,100000.0,1
189101,22:52:43,100000.0,0
189151,13:42:57,300.0,1
189151,13:56:46,500.0,1
189151,16:13:13,700.0,1
189151,17:36:05,800.0,1
189151,21:46:51,1200.0,1
189151,21:47:04,1500.0,1
189152,13:42:46,600.0,1
189152,14:29:42,700.0,1
189152,16:12:54,1000.0,1
189152,17:35:44,1100.0,1
189152,19:44:11,1500.0,1
189152,21:46:37,2000.0,1
189155,12:29:58,800.0,1
189155,14:09:36,600.0,1
189155,18:03:15,900.0,1
189155,19:13:53,1000.0,1
189155,19:34:38,1000.0,0
189155,19:35:02,900.0,0
189155,19:37:54,900.0,1
189262,09:31:03,3000.0,1
189262,09:52:35,3000.0,0
189262,13:26:40,3000.0,1
189262,14:37:32,3000.0,0
189262,16:45:28,3000.0,1
189262,16:59:26,3000.0,0
189262,20:17:22,3000.0,1
189262,20:23:18,3000.0,0
189762,09:07:24,1000.0,1
189762,09:45:58,2000.0,1
189762,10:35:50,3000.0,1
189762,10:36:01,2000.0,1
189762,12:58:48,3000.0,1
189762,16:44:38,4000.0,1
189762,17:12:30,5000.0,1
189762,19:38:27,6000.0,1
189762,22:28:11,500.0,1
189769,23:46:48,300.0,1
189769,23:46:52,300.0,0
189840,09:28:28,500.0,1
189840,17:21:10,500.0,0
189843,17:16:25,500.0,1
189843,22:04:43,500.0,0
189843,22:55:06,1000.0,0
189843,22:55:07,1000.0,1
189844,09:28:44,500.0,1
189844,17:16:26,500.0,0
189848,17:20:10,10000.0,1
189848,20:51:37,1000000.0,1
189849,17:20:12,10000.0,1
189849,20:51:35,1000000.0,1
189861,13:42:39,600.0,1
189861,13:56:33,1000.0,1
189861,16:13:00,1100.0,1
189861,19:44:06,1500.0,1
189861,21:46:44,2000.0,1
190284,00:38:00,1000000.0,1
190492,09:46:29,8000.0,0
190532,10:34:06,2000.0,0
190594,10:25:35,1000.0,1
190594,13:40:51,1200.0,1
190594,14:01:20,1500.0,1
190594,14:30:35,2000.0,1
190594,16:12:27,2200.0,1
190594,17:35:23,2500.0,1
190594,18:30:06,3000.0,1
190594,19:42:48,3500.0,1
190594,21:48:24,4000.0,1
190594,23:14:32,1000.0,1
190600,10:25:44,400.0,1
190600,13:40:48,200.0,1
190600,17:10:59,400.0,1
190600,21:48:36,600.0,1
190600,23:14:50,200.0,1
190677,00:31:24,2000.0,0
190677,12:52:08,2000.0,1
190677,15:14:07,3000.0,1
190717,09:47:44,500.0,0
190717,09:47:50,500.0,0
190717,09:47:55,500.0,1
190717,10:03:41,1000.0,1
190717,10:17:24,1000.0,1
190717,10:17:32,2000.0,1
190890,13:17:24,3000.0,1
190890,16:23:43,5000.0,1
190890,19:07:04,1500.0,1
